19825
19560
11045
15345
19353
11262
13320
19525
18047
17535
12572
11927
14588
15109
12934
13129
15516
15869
15321
17262
15667
19578
16030
11377
18151
10733
16663
19808
14367
15866
13989
10927
10609
14835
17734
13216
11681
14060
17775
10383
12300
12276
13698
10543
11622
15443
19633
12729
15374
15898
16781
12017
14328
14690
19162
11003
13084
17088
14279
15365
16491
12305
16514
15351
17590
12917
18661
19819
19965
17925
17148
16835
13997
19549
12245
10896
13164
17860
10013
11008
13191
17065
18740
14641
16214
18163
16832
15567
12677
12626
11758
19395
18875
18261
14910
14957
18645
14299
14869
19985
